255 255 255 255 255 255 255 255 255 255 255 255 255 255 255 255
255 255 255 255 255 255 255 255 255 255 255 255 255 255 255 255
255 255   0   0   0   0   0   0   0   0   0   0   0   0 255 255
255 255   0   0   0   0   0   0   0   0   0   0   0   0 255 255
255 255   0   0   0   0   0   0   0   0   0   0   0   0 255 255
255 255   0   0   0 168 168 147 173 168 168   0   0   0 255 255
255 255   0   0   0 168 147 164 159 169 168   0   0   0 255 255
255 255   0   0   0 159  81 102 158 147 170   0   0   0 255 255
255 255   0   0   0 160 168 168 100 166 160   0   0   0 255 255
255 255   0   0   0 168 128 168 120 140 167   0   0   0 255 255
255 255   0   0   0 168 151 168 168 159 168   0   0   0 255 255
255 255   0   0   0   0   0   0   0   0   0   0   0   0 255 255
255 255   0   0   0   0   0   0   0   0   0   0   0   0 255 255
255 255   0   0   0   0   0   0   0   0   0   0   0   0 255 255
255 255 255 255 255 255 255 255 255 255 255 255 255 255 255 255
255 255 255 255 255 255 255 255 255 255 255 255 255 255 255 255
255 255 255 255 255 255 255 255 255 255 255 255 255 255 255 255
255 255 255 255 255 255 255 255 255 255 255 255 255 255 255 255
255 255   0   0   0   0   0   0   0   0   0   0   0   0 255 255
255 255   0   0   0   0   0   0   0   0   0   0   0   0 255 255
255 255   0   0   0   0   0   0   0   0   0   0   0   0 255 255
255 255   0   0   0 211 211 103 116 211 211   0   0   0 255 255
255 255   0   0   0 211 170 201 166 174 209   0   0   0 255 255
255 255   0   0   0 198  66  79 185 102 174   0   0   0 255 255
255 255   0   0   0 200 211 211  78 207 174   0   0   0 255 255
255 255   0   0   0 211 154 211 132 156 209   0   0   0 255 255
255 255   0   0   0 211 188 211 211 196 211   0   0   0 255 255
255 255   0   0   0   0   0   0   0   0   0   0   0   0 255 255
255 255   0   0   0   0   0   0   0   0   0   0   0   0 255 255
255 255   0   0   0   0   0   0   0   0   0   0   0   0 255 255
255 255 255 255 255 255 255 255 255 255 255 255 255 255 255 255
255 255 255 255 255 255 255 255 255 255 255 255 255 255 255 255
255 255 255 255 255 255 255 255 255 255 255 255 255 255 255 255
255 255 255 255 255 255 255 255 255 255 255 255 255 255 255 255
255 255   0   0   0   0   0   0   0   0   0   0   0   0 255 255
255 255   0   0   0   0   0   0   0   0   0   0   0   0 255 255
255 255   0   0   0   0   0   0   0   0   0   0   0   0 255 255
255 255   0   0   0 227 227  93  71 227 227   0   0   0 255 255
255 255   0   0   0 227 191 217 171 168 223   0   0   0 255 255
255 255   0   0   0 218 116 112 200  92 167   0   0   0 255 255
255 255   0   0   0 220 227 227 111 223 182   0   0   0 255 255
255 255   0   0   0 227 191 227 166 179 225   0   0   0 255 255
255 255   0   0   0 227 213 227 227 215 227   0   0   0 255 255
255 255   0   0   0   0   0   0   0   0   0   0   0   0 255 255
255 255   0   0   0   0   0   0   0   0   0   0   0   0 255 255
255 255   0   0   0   0   0   0   0   0   0   0   0   0 255 255
255 255 255 255 255 255 255 255 255 255 255 255 255 255 255 255
255 255 255 255 255 255 255 255 255 255 255 255 255 255 255 255

255 255 255 255 255 255 255 255 255 255 255 255 255 255 255 255
255 214 153 153 153 153 153 153 153 153 153 153 153 153 214 255
255 153   0   0   0   0   0   0   0   0   0   0   0   0 153 255
255 153   0   0   0   0   0   0   0   0   0   0   0   0 153 255
255 153   0   0   7  34  34  35  34  34  34   7   0   0 153 255
255 153   0   0  34 168 171 168 160 157 164  34   0   0 153 255
255 153   0   0  34 171 168 154 143 154 144  34   0   0 153 255
255 153   0   0  34 168 159 143 144 129 134  30   0   0 153 255
255 153   0   0  34 161 158 119 153 152 131  30   0   0 153 255
255 153   0   0  34 156 159 127 117 151 132  34   0   0 153 255
255 153   0   0  34 166 149 136 136 141 160  34   0   0 153 255
255 153   0   0   7  34  34  30  30  34  34   7   0   0 153 255
255 153   0   0   0   0   0   0   0   0   0   0   0   0 153 255
255 153   0   0   0   0   0   0   0   0   0   0   0   0 153 255
255 214 153 153 153 153 153 153 153 153 153 153 153 153 214 255
255 255 255 255 255 255 255 255 255 255 255 255 255 255 255 255
255 255 255 255 255 255 255 255 255 255 255 255 255 255 255 255
255 214 153 153 153 153 153 153 153 153 153 153 153 153 214 255
255 153   0   0   0   0   0   0   0   0   0   0   0   0 153 255
255 153   0   0   0   0   0   0   0   0   0   0   0   0 153 255
255 153   0   0   8  42  42  37  37  42  42   8   0   0 153 255
255 153   0   0  42 209 191 183 178 183 203  42   0   0 153 255
255 153   0   0  42 190 190 156 147 186 172  42   0   0 153 255
255 153   0   0  40 178 180 142 164 147 161  36   0   0 153 255
255 153   0   0  40 180 185 114 187 188 160  36   0   0 153 255
255 153   0   0  42 180 194 144 135 188 164  42   0   0 153 255
255 153   0   0  42 207 179 164 167 176 201  42   0   0 153 255
255 153   0   0   8  42  42  36  36  42  42   8   0   0 153 255
255 153   0   0   0   0   0   0   0   0   0   0   0   0 153 255
255 153   0   0   0   0   0   0   0   0   0   0   0   0 153 255
255 214 153 153 153 153 153 153 153 153 153 153 153 153 214 255
255 255 255 255 255 255 255 255 255 255 255 255 255 255 255 255
255 255 255 255 255 255 255 255 255 255 255 255 255 255 255 255
255 214 153 153 153 153 153 153 153 153 153 153 153 153 214 255
255 153   0   0   0   0   0   0   0   0   0   0   0   0 153 255
255 153   0   0   0   0   0   0   0   0   0   0   0   0 153 255
255 153   0   0   9  45  45  36  37  45  45   9   0   0 153 255
255 153   0   0  45 222 185 181 186 198 220  45   0   0 153 255
255 153   0   0  45 186 193 162 164 205 197  45   0   0 153 255
255 153   0   0  41 174 192 156 185 177 192  41   0   0 153 255
255 153   0   0  41 189 201 141 209 210 194  41   0   0 153 255
255 153   0   0  45 196 212 175 173 212 197  45   0   0 153 255
255 153   0   0  45 224 202 195 198 205 221  45   0   0 153 255
255 153   0   0   9  45  45  41  41  45  45   9   0   0 153 255
255 153   0   0   0   0   0   0   0   0   0   0   0   0 153 255
255 153   0   0   0   0   0   0   0   0   0   0   0   0 153 255
255 214 153 153 153 153 153 153 153 153 153 153 153 153 214 255
255 255 255 255 255 255 255 255 255 255 255 255 255 255 255 255

255 255 255 255 255 255 255 255 255 255 255 255 255 255 255 255
255 214 153 153 153 153 153 153 153 153 153 153 153 153 214 255
255 153   0   0   0   0   0   0   0   0   0   0   0   0 153 255
255 153   0   0   0   0   0   0   0   0   0   0   0   0 153 255
255 153   0   0   7  34  34  30  30  34  34   7   0   0 153 255
255 153   0   0  34 164 144 134 131 132 160  34   0   0 153 255
255 153   0   0  34 157 154 129 152 151 141  34   0   0 153 255
255 153   0   0  34 160 143 144 153 117 136  30   0   0 153 255
255 153   0   0  35 168 154 143 119 127 136  30   0   0 153 255
255 153   0   0  34 171 168 159 158 159 149  34   0   0 153 255
255 153   0   0  34 168 171 168 161 156 166  34   0   0 153 255
255 153   0   0   7  34  34  34  34  34  34   7   0   0 153 255
255 153   0   0   0   0   0   0   0   0   0   0   0   0 153 255
255 153   0   0   0   0   0   0   0   0   0   0   0   0 153 255
255 214 153 153 153 153 153 153 153 153 153 153 153 153 214 255
255 255 255 255 255 255 255 255 255 255 255 255 255 255 255 255
255 255 255 255 255 255 255 255 255 255 255 255 255 255 255 255
255 214 153 153 153 153 153 153 153 153 153 153 153 153 214 255
255 153   0   0   0   0   0   0   0   0   0   0   0   0 153 255
255 153   0   0   0   0   0   0   0   0   0   0   0   0 153 255
255 153   0   0   8  42  42  36  36  42  42   8   0   0 153 255
255 153   0   0  42 203 172 161 160 164 201  42   0   0 153 255
255 153   0   0  42 183 186 147 188 188 176  42   0   0 153 255
255 153   0   0  37 178 147 164 187 135 167  36   0   0 153 255
255 153   0   0  37 183 156 142 114 144 164  36   0   0 153 255
255 153   0   0  42 191 190 180 185 194 179  42   0   0 153 255
255 153   0   0  42 209 190 178 180 180 207  42   0   0 153 255
255 153   0   0   8  42  42  40  40  42  42   8   0   0 153 255
255 153   0   0   0   0   0   0   0   0   0   0   0   0 153 255
255 153   0   0   0   0   0   0   0   0   0   0   0   0 153 255
255 214 153 153 153 153 153 153 153 153 153 153 153 153 214 255
255 255 255 255 255 255 255 255 255 255 255 255 255 255 255 255
255 255 255 255 255 255 255 255 255 255 255 255 255 255 255 255
255 214 153 153 153 153 153 153 153 153 153 153 153 153 214 255
255 153   0   0   0   0   0   0   0   0   0   0   0   0 153 255
255 153   0   0   0   0   0   0   0   0   0   0   0   0 153 255
255 153   0   0   9  45  45  41  41  45  45   9   0   0 153 255
255 153   0   0  45 220 197 192 194 197 221  45   0   0 153 255
255 153   0   0  45 198 205 177 210 212 205  45   0   0 153 255
255 153   0   0  37 186 164 185 209 173 198  41   0   0 153 255
255 153   0   0  36 181 162 156 141 175 195  41   0   0 153 255
255 153   0   0  45 185 193 192 201 212 202  45   0   0 153 255
255 153   0   0  45 222 186 174 189 196 224  45   0   0 153 255
255 153   0   0   9  45  45  41  41  45  45   9   0   0 153 255
255 153   0   0   0   0   0   0   0   0   0   0   0   0 153 255
255 153   0   0   0   0   0   0   0   0   0   0   0   0 153 255
255 214 153 153 153 153 153 153 153 153 153 153 153 153 214 255
255 255 255 255 255 255 255 255 255 255 255 255 255 255 255 255

255 255 255 255 255 255 255 255 255 255 255 255 255 255 255 255
255 214 153 153 153 153 153 153 153 153 153 153 153 153 214 255
255 153   0   0   0   0   0   0   0   0   0   0   0   0 153 255
255 153   0   0   0   0   0   0   0   0   0   0   0   0 153 255
255 153   0   0   7  34  34  30  30  34  34   7   0   0 153 255
255 153   0   0  34 160 141 136 136 149 166  34   0   0 153 255
255 153   0   0  34 132 151 117 127 159 156  34   0   0 153 255
255 153   0   0  30 131 152 153 119 158 161  34   0   0 153 255
255 153   0   0  30 134 129 144 143 159 168  34   0   0 153 255
255 153   0   0  34 144 154 143 154 168 171  34   0   0 153 255
255 153   0   0  34 164 157 160 168 171 168  34   0   0 153 255
255 153   0   0   7  34  34  34  35  34  34   7   0   0 153 255
255 153   0   0   0   0   0   0   0   0   0   0   0   0 153 255
255 153   0   0   0   0   0   0   0   0   0   0   0   0 153 255
255 214 153 153 153 153 153 153 153 153 153 153 153 153 214 255
255 255 255 255 255 255 255 255 255 255 255 255 255 255 255 255
255 255 255 255 255 255 255 255 255 255 255 255 255 255 255 255
255 214 153 153 153 153 153 153 153 153 153 153 153 153 214 255
255 153   0   0   0   0   0   0   0   0   0   0   0   0 153 255
255 153   0   0   0   0   0   0   0   0   0   0   0   0 153 255
255 153   0   0   8  42  42  36  36  42  42   8   0   0 153 255
255 153   0   0  42 201 176 167 164 179 207  42   0   0 153 255
255 153   0   0  42 164 188 135 144 194 180  42   0   0 153 255
255 153   0   0  36 160 188 187 114 185 180  40   0   0 153 255
255 153   0   0  36 161 147 164 142 180 178  40   0   0 153 255
255 153   0   0  42 172 186 147 156 190 190  42   0   0 153 255
255 153   0   0  42 203 183 178 183 191 209  42   0   0 153 255
255 153   0   0   8  42  42  37  37  42  42   8   0   0 153 255
255 153   0   0   0   0   0   0   0   0   0   0   0   0 153 255
255 153   0   0   0   0   0   0   0   0   0   0   0   0 153 255
255 214 153 153 153 153 153 153 153 153 153 153 153 153 214 255
255 255 255 255 255 255 255 255 255 255 255 255 255 255 255 255
255 255 255 255 255 255 255 255 255 255 255 255 255 255 255 255
255 214 153 153 153 153 153 153 153 153 153 153 153 153 214 255
255 153   0   0   0   0   0   0   0   0   0   0   0   0 153 255
255 153   0   0   0   0   0   0   0   0   0   0   0   0 153 255
255 153   0   0   9  45  45  41  41  45  45   9   0   0 153 255
255 153   0   0  45 221 205 198 195 202 224  45   0   0 153 255
255 153   0   0  45 197 212 173 175 212 196  45   0   0 153 255
255 153   0   0  41 194 210 209 141 201 189  41   0   0 153 255
255 153   0   0  41 192 177 185 156 192 174  41   0   0 153 255
255 153   0   0  45 197 205 164 162 193 186  45   0   0 153 255
255 153   0   0  45 220 198 186 181 185 222  45   0   0 153 255
255 153   0   0   9  45  45  37  36  45  45   9   0   0 153 255
255 153   0   0   0   0   0   0   0   0   0   0   0   0 153 255
255 153   0   0   0   0   0   0   0   0   0   0   0   0 153 255
255 214 153 153 153 153 153 153 153 153 153 153 153 153 214 255
255 255 255 255 255 255 255 255 255 255 255 255 255 255 255 255
